   0.0306367753
   0.0278754665
   0.0202891761
   0.0274811415
   0.0111192261
   0.0079464087
   0.0092230737
   0.0111500625
   0.0284199515
   0.0191772730
   0.0251082523
   0.0154319238
   0.0098116158
  -0.0126401923
  -0.0102004104
  -0.0258559763
  -0.0156839942
  -0.0343599279
  -0.0156279679
  -0.0342827108
  -0.0310995694
   0.0005224522
  -0.0332973186
  -0.0174630186
  -0.0222828521
  -0.0161030637
  -0.0093072700
   0.0020431865
   0.0104059689
  -0.0030015334
   0.0057093439
   0.0185006357
   0.0018860919
   0.0040544705
   0.0014127055
   0.0071489833
   0.0093343007
   0.0154940171
   0.0058573100
   0.0022685208
   0.0074958685
   0.0033015836
  -0.0014553345
  -0.0027877268
  -0.0034386164
   0.0146810770
   0.0053735908
  -0.0206823490
  -0.0245656644
  -0.0379303645
  -0.0316616776
  -0.0415749793
  -0.0457663596
  -0.0386730662
  -0.0250051000
  -0.0424849880
  -0.0475912191
  -0.0454022223
  -0.0260548649
  -0.0430376277
  -0.0464778210
  -0.0370380771
  -0.0297919510
  -0.0402435909
  -0.0331435350
  -0.0250196019
   0.0035552457
   0.0004217624
   0.0034703715
   0.0191084988
  -0.0004575517
   0.0132968646
   0.0012656234
  -0.0015914641
  -0.0024813476
   0.0032697161
   0.0055479236
   0.0029386031
   0.0042608693
  -0.0026677603
  -0.0014902327
   0.0093220424
   0.0194876156
  -0.0024072550
   0.0165418194
  -0.0059316548
  -0.0014214995
   0.0060386497
  -0.0228032013
  -0.0359808474
  -0.0435336554
  -0.0293745985
  -0.0505337873
  -0.0525801220
  -0.0467104225
  -0.0467010441
  -0.0545358110
  -0.0552323238
  -0.0521799939
  -0.0518237345
  -0.0535931614
  -0.0486586931
  -0.0386286712
  -0.0463108485
  -0.0354154665
  -0.0286491874
   0.0026113992
   0.0139070616
   0.0028787036
   0.0032296154
   0.0039896100
   0.0034941508
   0.0034127988
   0.0019506268
   0.0099593034
   0.0121590584
   0.0093326667
   0.0048207601
   0.0199798694
   0.0230950387
   0.0170368504
   0.0118948466
   0.0181881763
   0.0246081950
   0.0267387446
   0.0198680524
   0.0082703550
  -0.0102394624
  -0.0002254981
   0.0209914863
   0.0008136858
   0.0304287869
   0.0371666598
   0.0317204437
   0.0302810613
   0.0499271027
   0.0369167249
   0.0313205189
   0.0305993504
   0.0479002872
   0.0361856038
   0.0295244382
   0.0350545303
   0.0026124848
   0.0255594845
   0.0191751130
   0.0055663278
  -0.0204177087
   0.0221754667
   0.0147398039
   0.0078566010
   0.0169239668
   0.0228883966
   0.0184897549
   0.0373018781
   0.0277557353
   0.0448949939
   0.0066752538
   0.0270792948
   0.0371578822
   0.0449202786
   0.0264256185
   0.0367275676
   0.0370330772
   0.0264291435
  -0.0059631161
  -0.0229814432
  -0.0014843577
   0.0040505005
  -0.0201760356
  -0.0006474532
   0.0046580927
  -0.0213615617
  -0.0037371884
  -0.0081189966
  -0.0418311644
   0.0032631708
   0.0031546842
  -0.0034733874
  -0.0203601386
   0.0007228803
   0.0023571939
   0.0024809972
  -0.0042761470
   0.0012244331
   0.0026576102
   0.0023164243
   0.0007888234
   0.0020535033
   0.0024143078
  -0.0053163019
   0.0016961053
   0.0024997750
   0.0032675861
  -0.0028554159
  -0.0209831473
   0.0039045760
  -0.0068983303
  -0.0371398713
   0.0009032631
   0.0099306322
   0.0038780329
  -0.0225197686
   0.0099393832
   0.0038726515
  -0.0210323595
  -0.0100784679
   0.0013842551
  -0.0205856969
   0.0021250457
  -0.0125698195
   0.0031196596
   0.0084934340
   0.0079159920
   0.0055472514
   0.0021818795
  -0.0025125499
   0.0066808903
   0.0069533443
   0.0057920530
   0.0064483781
   0.0053257729
   0.0037372848
   0.0010621522
   0.0074233292
   0.0065708906
  -0.0266139434
  -0.0086096850
   0.0039637540
   0.0087652752
  -0.0220974248
   0.0007603755
   0.0250588121
   0.0231938521
   0.0227857419
   0.0245301167
   0.0226235938
   0.0106572158
   0.0068592713
   0.0088478652
   0.0088251846
   0.0217307356
   0.0139679502
   0.0341109114
   0.0192258882
   0.0113361402
   0.0076514400
  -0.0075617435
  -0.0075665188
  -0.0163090498
  -0.0094226837
  -0.0160833575
  -0.0219935150
  -0.0096738736
  -0.0244778794
  -0.0170609733
  -0.0240598359
  -0.0174256798
  -0.0134901031
  -0.0210784686
  -0.0110791132
  -0.0137764316
  -0.0095456258
  -0.0054558224
   0.0007782326
   0.0060093074
  -0.0038493714
   0.0000917611
   0.0025605679
   0.0024055846
   0.0049491183
   0.0090305074
   0.0041192564
   0.0027301835
   0.0035843734
   0.0020460352
  -0.0028115810
  -0.0026784369
  -0.0049032593
   0.0083809387
   0.0016406433
  -0.0141931032
  -0.0150374537
  -0.0265920039
  -0.0224600584
  -0.0290698539
  -0.0339051365
  -0.0285722456
  -0.0291705483
  -0.0360316872
  -0.0358241875
  -0.0300520505
  -0.0364423173
  -0.0358390508
  -0.0312386514
  -0.0348216334
  -0.0275984209
  -0.0202207237
  -0.0290112109
  -0.0239358983
  -0.0178725373
   0.0029428809
  -0.0013456339
   0.0005755255
   0.0107555350
   0.0078569437
   0.0010381539
  -0.0032342645
  -0.0032566962
   0.0022544584
   0.0026415571
   0.0016206300
   0.0012552304
  -0.0036720744
   0.0043619913
   0.0109384899
  -0.0033918379
   0.0093751694
  -0.0030920479
   0.0015989606
  -0.0165180751
  -0.0257381291
  -0.0316682908
  -0.0201780049
  -0.0377802906
  -0.0400690850
  -0.0333382094
  -0.0405342457
  -0.0438973318
  -0.0427397925
  -0.0355632189
  -0.0411095822
  -0.0442929162
  -0.0432218926
  -0.0365295477
  -0.0391035671
  -0.0414648113
  -0.0360903444
  -0.0278668949
  -0.0344520253
  -0.0256686306
  -0.0211311885
   0.0023936564
   0.0079756859
   0.0015260225
   0.0032956021
   0.0007182579
   0.0014766455
   0.0062239790
   0.0076132412
   0.0075059846
   0.0081215786
   0.0024470930
   0.0161711959
   0.0191322067
   0.0146687940
   0.0096976795
   0.0119730129
   0.0172055999
   0.0207596303
   0.0219469885
   0.0168700487
   0.0091601745
  -0.0021095597
  -0.0056841754
   0.0189505508
   0.0093492785
  -0.0071702387
   0.0262867466
   0.0303228613
   0.0270151885
   0.0256216514
   0.0387722330
   0.0308275659
   0.0272000028
   0.0257934432
   0.0370251380
   0.0305066706
   0.0265201306
   0.0367393430
   0.0299052222
   0.0256280985
   0.0287009662
   0.0189275776
   0.0091921465
  -0.0095643864
   0.0208005743
   0.0158845207
   0.0067854164
  -0.0088502078
   0.0179142125
   0.0127246497
   0.0060921091
   0.0097421599
   0.0156345853
   0.0191073165
   0.0144912955
   0.0302351602
   0.0237849341
   0.0370734805
   0.0099091341
   0.0232600968
   0.0307786328
   0.0402305885
   0.0171174753
   0.0268200773
   0.0331411494
   0.0371634030
   0.0082951641
   0.0224591670
   0.0302928296
   0.0300355000
   0.0227596727
  -0.0096863295
  -0.0263224703
  -0.0066101778
  -0.0001171221
  -0.0103259152
  -0.0010966702
   0.0025359675
  -0.0218310738
  -0.0051957487
   0.0006745180
  -0.0171332514
  -0.0072342237
   0.0012412681
  -0.0048847355
  -0.0183162301
   0.0001331075
   0.0013687930
  -0.0013539025
  -0.0092106863
  -0.0212584414
  -0.0005840600
   0.0000889908
   0.0009047644
  -0.0025105580
  -0.0044869937
   0.0000061713
   0.0002922803
   0.0000883119
  -0.0005909327
  -0.0002021357
   0.0007786679
  -0.0028867622
  -0.0050741448
   0.0004385494
  -0.0003892147
   0.0012802233
  -0.0011272094
  -0.0093005335
  -0.0238168194
   0.0010085373
  -0.0042436826
  -0.0169368078
   0.0040162097
  -0.0032206393
   0.0054893616
  -0.0015368328
   0.0076107851
   0.0037277353
  -0.0075050858
   0.0055360017
  -0.0011875228
  -0.0020003871
  -0.0081079535
   0.0021998993
   0.0068124119
  -0.0185881382
  -0.0039106770
   0.0035868696
   0.0058992799
   0.0046187486
   0.0035135560
   0.0015702930
  -0.0043082427
   0.0004317169
   0.0046906414
   0.0043047713
   0.0030588229
   0.0038389087
   0.0033048432
   0.0025804370
  -0.0009385725
   0.0022708931
   0.0051017728
   0.0040554357
  -0.0122081948
  -0.0017778340
   0.0042136221
   0.0061972809
  -0.0274725381
  -0.0074451595
   0.0021362738
   0.0071403239
   0.0211099485
   0.0219134687
   0.0196246841
   0.0199533243
   0.0148880503
   0.0056062011
   0.0190166348
   0.0252702990
   0.0232471962
   0.0190136285
   0.0098691361
   0.0064234271
   0.0081916089
   0.0076230218
   0.0174486328
   0.0111025126
   0.0285861214
   0.0262688217
   0.0118250333
   0.0219364335
   0.0155260868
   0.0091491135
   0.0066084890
  -0.0042059243
  -0.0051840495
  -0.0102891422
  -0.0052397779
  -0.0110919341
  -0.0141588461
  -0.0056077431
  -0.0163565069
  -0.0107847313
  -0.0159855753
  -0.0050498424
  -0.0158595634
  -0.0112523048
  -0.0090599976
  -0.0134260586
  -0.0066291178
  -0.0085056182
  -0.0052952803
  -0.0028862747
   0.0006035902
   0.0039462676
  -0.0001395783
   0.0020395752
   0.0030040110
   0.0042404456
   0.0058311901
   0.0039109694
   0.0028907980
   0.0018881604
   0.0018693352
  -0.0079951830
  -0.0029284990
  -0.0020710585
  -0.0048042473
   0.0051219145
   0.0000588344
  -0.0098571726
  -0.0085174529
  -0.0198048455
  -0.0168944786
  -0.0200757322
  -0.0261788044
  -0.0239926218
  -0.0197758391
  -0.0275976803
  -0.0287352485
  -0.0207970583
  -0.0280699075
  -0.0288525800
  -0.0225583756
  -0.0272250583
  -0.0237491938
  -0.0136877479
  -0.0220778044
  -0.0180729194
  -0.0130362861
   0.0019952926
  -0.0018291040
   0.0065974394
   0.0047784301
   0.0004131023
  -0.0034201548
  -0.0034208905
  -0.0056650352
   0.0002312210
   0.0008001430
  -0.0010438471
  -0.0074631370
  -0.0237563853
   0.0005935618
   0.0001337134
  -0.0036944812
   0.0018443704
   0.0065708949
  -0.0035581599
  -0.0094691360
  -0.0035378113
  -0.0004945200
  -0.0123755043
  -0.0196327336
  -0.0247503788
  -0.0266429807
  -0.0322231695
  -0.0304924109
  -0.0290852125
  -0.0349970279
  -0.0357175850
  -0.0323540039
  -0.0297845151
  -0.0353813930
  -0.0361174419
  -0.0329944383
  -0.0277086988
  -0.0333823864
  -0.0321843008
  -0.0211644945
  -0.0272137787
  -0.0193294269
  -0.0160651200
   0.0018592015
   0.0049673963
   0.0009909197
   0.0023462417
  -0.0001283047
   0.0007008623
   0.0039107812
   0.0054499963
   0.0057239414
  -0.0106318609
   0.0002080620
   0.0046598066
   0.0060727061
   0.0052866283
   0.0000340037
   0.0015135249
   0.0135286861
   0.0166263013
   0.0118280828
   0.0068845309
   0.0093597130
   0.0148167451
   0.0186202819
   0.0196075799
   0.0147263076
   0.0080580515
  -0.0017690297
   0.0085415602
  -0.0049926766
   0.0233136193
   0.0269370462
   0.0237225138
   0.0329055165
   0.0267791150
   0.0238067565
   0.0225088800
   0.0317127603
   0.0265174013
   0.0233194313
   0.0313022864
   0.0260236724
   0.0228023037
   0.0254901230
   0.0085167709
  -0.0064908040
   0.0183748429
   0.0137505356
   0.0061282144
  -0.0069855145
   0.0152670802
   0.0098525902
   0.0032629256
   0.0071226779
   0.0131470440
   0.0167688685
   0.0117574403
   0.0262137681
   0.0198848102
   0.0326066211
   0.0106670323
   0.0206464651
   0.0268286780
   0.0356559583
   0.0157765134
   0.0234271950
   0.0289186696
   0.0327714045
   0.0094876945
   0.0200272607
   0.0264866103
   0.0260932798
   0.0190084839
  -0.0099168297
  -0.0095762834
  -0.0023772144
  -0.0135496474
  -0.0038104578
   0.0001805727
  -0.0080734051
  -0.0016404109
  -0.0077103018
  -0.0031053015
  -0.0116864542
   0.0001063006
  -0.0012702429
  -0.0062838469
  -0.0157412161
  -0.0016391673
  -0.0011036012
  -0.0005933070
  -0.0040118577
  -0.0057217887
  -0.0009455140
  -0.0010691772
  -0.0011684207
  -0.0015889447
  -0.0013621319
  -0.0007028105
  -0.0043372172
  -0.0061818493
  -0.0002715711
  -0.0001144569
  -0.0011819523
  -0.0061475653
  -0.0165482045
   0.0004302482
  -0.0028706171
  -0.0107340682
  -0.0040042724
   0.0027323630
  -0.0049936754
   0.0049270033
   0.0005851232
  -0.0112591190
   0.0028668439
  -0.0044194511
  -0.0027211644
  -0.0177823508
  -0.0037486661
   0.0028376660
  -0.0112692182
  -0.0014726123
   0.0031584706
   0.0043243128
   0.0022109261
   0.0003106802
  -0.0059390896
  -0.0014050279
   0.0028979208
   0.0028418684
   0.0014031021
   0.0022433686
   0.0019830465
   0.0013174649
  -0.0025751232
   0.0004200972
   0.0033968593
   0.0026957511
  -0.0176252529
  -0.0077778168
  -0.0002697444
   0.0036073255
   0.0047252629
  -0.0161200003
  -0.0036390078
   0.0028124924
   0.0179685539
   0.0188392051
   0.0241304212
   0.0170946462
   0.0174497692
   0.0132480684
   0.0171285910
   0.0127720296
   0.0051996963
  -0.0108629191
   0.0193521486
   0.0163597322
   0.0205322082
   0.0196012593
   0.0160703841
   0.0089335114
   0.0059604376
   0.0106418146
   0.0073821631
   0.0068185356
   0.0144149930
   0.0053496537
   0.0092818416
   0.0227922624
   0.0114323101
   0.0096542768
   0.0209981081
   0.0093082935
   0.0172371257
   0.0129007621
   0.0077753754
   0.0059375833
  -0.0020439687
  -0.0033940457
  -0.0064443513
  -0.0025384274
  -0.0076020567
  -0.0091211237
  -0.0028823033
  -0.0108152434
  -0.0046664458
  -0.0110212560
  -0.0096670390
   0.0005603201
  -0.0108288930
  -0.0097518911
  -0.0000142133
  -0.0105637419
  -0.0053662199
  -0.0060249833
  -0.0085628301
  -0.0036431282
  -0.0052045151
  -0.0026157605
  -0.0012391171
   0.0006992825
   0.0027558130
  -0.0000284882
   0.0017531199
   0.0031821435
   0.0038698780
   0.0039098895
   0.0038442374
   0.0027403377
   0.0011118725
   0.0019136768
  -0.0053854875
  -0.0026956516
  -0.0014974425
  -0.0043393861
   0.0031665983
  -0.0006220806
  -0.0069395029
  -0.0050505142
  -0.0141324701
  -0.0125286743
  -0.0128357703
  -0.0191536617
  -0.0192416681
  -0.0143776850
  -0.0120009021
  -0.0203636681
  -0.0226410805
  -0.0198626641
  -0.0120897587
  -0.0203875443
  -0.0234829455
  -0.0223627726
  -0.0140033640
  -0.0212938163
  -0.0230147081
  -0.0193393935
  -0.0158336013
  -0.0205609045
  -0.0196660813
  -0.0096434468
  -0.0163694625
  -0.0137619849
  -0.0097296233
   0.0010863304
  -0.0019425492
   0.0042275396
   0.0028221375
  -0.0002599842
  -0.0032486870
  -0.0034288222
  -0.0056797460
  -0.0014632714
  -0.0004420505
  -0.0010497113
  -0.0003264368
  -0.0011606571
  -0.0047632494
  -0.0136131288
  -0.0010033290
  -0.0005387212
  -0.0104361374
  -0.0045518356
  -0.0035218402
   0.0004690667
   0.0040646679
  -0.0034870402
  -0.0072389310
  -0.0035892115
  -0.0015273074
  -0.0149779530
  -0.0187293042
  -0.0240325688
  -0.0250525966
  -0.0206399998
  -0.0265188672
  -0.0289032025
  -0.0277099898
  -0.0221391594
  -0.0233720041
  -0.0286463305
  -0.0302835905
  -0.0293356954
  -0.0253373861
  -0.0271363850
  -0.0295105755
  -0.0285328487
  -0.0236265873
  -0.0251299791
  -0.0265086955
  -0.0231293609
  -0.0163280940
  -0.0210155269
  -0.0149583447
  -0.0126117916
   0.0012851661
   0.0032032885
   0.0007257344
   0.0014416354
  -0.0003575413
   0.0002865042
   0.0025258979
   0.0040040578
   0.0014773888
   0.0038678211
   0.0044951304
  -0.0199865070
  -0.0054642145
   0.0011137613
   0.0037541338
   0.0043297309
   0.0031858437
  -0.0002602758
   0.0009867603
   0.0115578435
   0.0142812277
   0.0100590801
   0.0061832475
   0.0081296051
   0.0127885842
   0.0160021813
   0.0167799559
   0.0125822092
   0.0070681608
  -0.0001584040
  -0.0050747413
   0.0145567551
   0.0084606767
  -0.0004709410
  -0.0049221450
   0.0208413242
   0.0234968582
   0.0210244646
   0.0281749465
   0.0235382552
   0.0211583238
   0.0199295803
   0.0274476769
   0.0234026857
   0.0209976761
   0.0269508122
   0.0231337102
   0.0206134794
   0.0265625353
   0.0227417221
   0.0140287430
   0.0077829954
  -0.0025012615
   0.0154888932
   0.0114181641
   0.0050374140
  -0.0047158884
   0.0128158234
   0.0081071588
   0.0030532264
   0.0059797447
   0.0110998374
   0.0141812255
   0.0097631170
   0.0220532391
   0.0166710426
   0.0274928916
   0.0087049140
   0.0171878399
   0.0226614429
   0.0047384000
   0.0147977911
   0.0207893347
   0.0254717100
   0.0144975256
   0.0206032013
   0.0253871338
   0.0276495932
   0.0165376046
   0.0223279371
  -0.0096473864
  -0.0034193119
  -0.0158251017
  -0.0061164240
  -0.0018040491
  -0.0147963342
  -0.0056733282
  -0.0015514583
  -0.0080620048
  -0.0026539952
  -0.0072930527
  -0.0021271607
  -0.0067075093
  -0.0155840114
  -0.0009424875
  -0.0020591636
  -0.0059321033
  -0.0124644046
  -0.0020055467
  -0.0017272631
  -0.0015855700
  -0.0042372723
  -0.0052288951
  -0.0016656584
  -0.0018949668
  -0.0019139020
  -0.0019040581
  -0.0019115509
  -0.0016840373
  -0.0044838618
  -0.0054424142
  -0.0010278798
  -0.0011153379
  -0.0020415849
  -0.0059531207
  -0.0132297770
  -0.0005672828
  -0.0020773818
  -0.0063275129
  -0.0151356754
  -0.0077528590
  -0.0198026181
  -0.0035868514
   0.0014326687
  -0.0047964396
   0.0027653767
  -0.0017732354
   0.0028189609
  -0.0016401355
   0.0017141735
  -0.0040866144
  -0.0087660527
  -0.0012308353
   0.0025666378
  -0.0095588336
  -0.0020996179
   0.0017810621
   0.0029113088
   0.0013603700
  -0.0004999558
  -0.0051839054
  -0.0020380762
   0.0015282723
   0.0018338649
   0.0003382975
   0.0011977820
   0.0012599041
   0.0005310596
  -0.0024298777
  -0.0003632659
   0.0021051875
   0.0018150199
  -0.0123934608
  -0.0063762247
  -0.0008166550
   0.0023168980
   0.0032215488
  -0.0189288037
  -0.0073481819
  -0.0007919887
   0.0028448153
  -0.0112992190
