   3.9695192668   -0.6362942772    1.9560296200
   5.3039769207    1.2489510581    0.1373762721
   4.6374552350    2.0012985152    0.1373762721
   3.9695192668   -0.6362942772   -1.6812770759
   2.2171828609   -0.5020001306    2.2391015207
   1.6921828609    0.4073265433    1.9577548686
   2.2171828609   -0.5020001306   -1.9608984793
   2.0903492469   -1.8219945902    2.3318586047
   3.1403492469   -1.8219945902    2.0505119527
   2.6153492469   -2.7313212642    2.0505119527
   3.1403492469   -1.8219945902   -1.5867947432
   2.6153492469   -2.7313212642   -1.5867947432
   2.0903492469   -1.8219945902   -1.8681413953
   0.8509947103   -2.2459337683    2.3066834589
  -0.1990052897   -2.2459337683    2.0253368069
   0.3259947103   -3.1552604423    2.0253368069
   1.3759947103   -3.1552604423    2.0253368069
   0.5921733532   -4.0460758474    1.2566834589
   1.6064906145   -3.9002390421    1.2566834589
   0.1063244475   -4.2094678779    0.2066834589
   1.1041217388   -4.3306224039    0.2066834589
   2.0439306784   -3.9741998867    0.2066834589
   0.5921733532   -4.0460758474   -0.8433165411
   1.6064906145   -3.9002390421   -0.8433165411
   0.3259947103   -3.1552604423   -1.6119698890
   1.3759947103   -3.1552604423   -1.6119698890
   0.8509947103   -2.2459337683   -1.8933165411
   0.1286391971   -1.1164510858    2.1890991248
  -0.3963608029   -0.2071244118    1.9077524728
  -0.3963608029   -2.0257777597    1.9077524728
   1.1786391971   -1.1164510858   -1.7295542231
  -0.3963608029   -0.2071244118   -1.7295542231
  -0.3963608029   -2.0257777597   -1.7295542231
   0.1286391971   -1.1164510858   -2.0109008752
   0.9245941558   -0.0184598450    2.1437496097
   1.4495941558    0.8908668290    1.8624029576
  -0.1254058442   -0.0184598450    1.8624029576
  -0.1254058442   -0.0184598450   -1.7749037383
   1.4495941558   -0.9277865190   -1.7749037383
   0.9245941558   -0.0184598450   -2.0562503903
   0.4157073250    1.3150106151    2.0215643817
   1.4657073250    1.3150106151    1.7402177297
  -0.1092926750    2.2243372891    1.7402177297
   1.4657073250    1.3150106151   -1.8970889662
  -0.1092926750    2.2243372891   -1.8970889662
  -0.1092926750    0.4056839411   -1.8970889662
   0.4157073250    1.3150106151   -2.1784356183
   1.0766665606    2.3178539692    1.8377758354
   2.0566665606    2.3178539692    1.5751856268
   1.5666665606    3.1665588649    1.5751856268
   0.5866665606    3.1665588649    1.5751856268
   2.4498999283    3.3155664117    0.8577758354
   1.6011950326    3.9321866122    0.8577758354
   0.5521380887    3.9321866122    0.8577758354
   3.0366665606    2.3178539692   -0.1222241646
   2.7740763521    3.2978539692   -0.1222241646
   2.0566665606    4.0152637607   -0.1222241646
   1.0766665606    4.2778539692   -0.1222241646
   2.7740763521    2.3178539692   -1.1022241646
   2.4498999283    3.3155664117   -1.1022241646
   1.6011950326    3.9321866122   -1.1022241646
   0.5521380887    3.9321866122   -1.1022241646
   2.0566665606    2.3178539692   -1.8196339560
   1.5666665606    3.1665588649   -1.8196339560
   0.5866665606    3.1665588649   -1.8196339560
   1.0766665606    2.3178539692   -2.0822241646
  -0.9778589579    1.3282742783    1.9563536262
  -0.4528589579    2.2376009523    1.6750069742
  -2.0278589579    1.3282742783    1.6750069742
  -0.4528589579    0.4189476043    1.6750069742
  -0.4528589579    2.2376009523   -1.9622997217
  -0.4528589579    0.4189476043   -1.9622997217
  -0.9778589579    1.3282742783   -2.2436463738
  -0.6099196847    2.6175396648    1.5475070492
  -1.1349196847    3.5268663388    1.5475070492
  -1.9187410418    4.4176817439    0.7788537013
  -2.4045899475    4.5810737744   -0.2711462987
  -3.2317922559    4.0100972471   -0.2711462987
  -1.9187410418    4.4176817439   -1.3211462987
  -0.6099196847    2.6175396648   -2.0897996467
  -1.1349196847    3.5268663388   -2.0897996467
  -1.8150351853    0.2177606934    2.0002352152
  -0.7650351853    0.2177606934    1.7188885631
  -2.3400351853    1.1270873674    1.7188885631
  -0.7650351853    0.2177606934   -1.9184181328
  -2.3400351853    1.1270873674   -1.9184181328
  -2.3400351853   -0.6915659805   -1.9184181328
  -1.8150351853    0.2177606934   -2.1997647848
  -3.0052277381    0.3433288175    1.7952974267
  -3.4952277381    1.1920337132    1.5327072181
  -3.9852277381    0.3433288175    1.5327072181
  -3.4952277381   -0.5053760782    1.5327072181
  -4.3784611057    1.3410412600    0.8152974267
  -4.7026375295    0.3433288175    0.8152974267
  -4.3784611057   -0.6543836250    0.8152974267
  -3.9852277381    2.0407386089   -0.1647025733
  -4.7026375295    1.3233288175   -0.1647025733
  -4.9652277381    0.3433288175   -0.1647025733
  -4.7026375295   -0.6366711825   -0.1647025733
  -4.3784611057    1.3410412600   -1.1447025733
  -4.7026375295    0.3433288175   -1.1447025733
  -4.3784611057   -0.6543836250   -1.1447025733
  -3.4952277381    1.1920337132   -1.8621123647
  -3.9852277381    0.3433288175   -1.8621123647
  -3.4952277381   -0.5053760782   -1.8621123647
  -3.0052277381    0.3433288175   -2.1247025733
  -1.2353201119   -1.0200973864    2.1198954312
  -0.7103201119   -0.1107707124    1.8385487791
  -0.7103201119   -1.9294240603    1.8385487791
  -0.7103201119   -1.9294240603   -1.7987579168
  -1.2353201119   -1.0200973864   -2.0801045688
  -1.0549862719   -2.1898512883    1.8844985578
  -1.5799862719   -3.0991779622    1.8844985578
  -4.1439640885   -2.6924141833    0.0658452099
  -3.6768588431   -3.5824088706    0.0658452099
  -2.8496565347   -4.1533853979    0.0658452099
  -2.3638076290   -3.9899933674   -0.9841547901
  -1.0549862719   -2.1898512883   -1.7528081381
   3.4495701175    0.9636816784    2.6480209040
   4.4370493413    0.9636816784    2.3271694545
   3.7547179793    1.9028302289    2.3271694545
   2.6506826438    1.5441074031    2.3271694545
   2.6506826438    0.3832559536    2.3271694545
   3.7547179793    0.0245331278    2.3271694545
   5.0473450649    0.9636816784    1.4871694545
   4.6735367373    1.9907116176    1.4871694545
   3.7270208254    2.5371828341    1.4871694545
   2.6506826438    2.3473953723    1.4871694545
   1.9481527898    1.5101528949    1.4871694545
   4.6735367373    1.9907116176    0.4488723534
   3.7270208254    2.5371828341    0.4488723534
   5.2661585493   -0.4090496260    1.5849305487
   4.5838271872   -1.3481981766    1.5849305487
   5.8764542728   -0.4090496260    0.7449305487
   5.5026459452    0.6179803132    0.7449305487
   4.5561300333   -1.9825507818    0.7449305487
   5.5026459452   -1.4360795653    0.7449305487
   5.8764542728   -0.4090496260   -0.2933665524
   5.5026459452    0.6179803132   -0.2933665524
   4.5561300333   -1.9825507818   -0.2933665524
   5.5026459452   -1.4360795653   -0.2933665524
   5.2661585493   -0.4090496260   -1.1333665524
   4.5838271872   -1.3481981766   -1.1333665524
   3.8064156448    2.4074590401   -0.2628246799
   5.1267398843    0.8339578844   -1.3011217810
   4.7529315567    1.8609878236   -1.3011217810
   3.8064156448    2.4074590401   -1.3011217810
   2.7300774632    2.2176715783   -1.3011217810
   4.5164441607    0.8339578844   -2.1411217810
   3.8341127986    1.7731064349   -2.1411217810
   2.7300774632    1.4143836091   -2.1411217810
   2.7300774632    0.2535321597   -2.1411217810
   3.8341127986   -0.1051906662   -2.1411217810
   3.5289649369    0.8339578844   -2.4619732304
   3.9291126849   -2.4667297869    1.6781157304
   3.2467813228   -3.4058783375    1.6781157304
   4.5394084084   -2.4667297869    0.8381157304
   2.1427459873   -3.8504434809    0.8381157304
   3.2190841689   -4.0402309427    0.8381157304
   4.1656000808   -3.4937597262    0.8381157304
   4.5394084084   -2.4667297869   -0.2001813707
   3.2190841689   -4.0402309427   -0.2001813707
   4.1656000808   -3.4937597262   -0.2001813707
   3.9291126849   -2.4667297869   -1.0401813707
   3.2467813228   -3.4058783375   -1.0401813707
  -0.6032000355    4.3256024737    1.0648282878
   0.3156187225    4.4134838624    0.2248282878
  -0.6308971893    4.9599550789    0.2248282878
  -1.7072353710    4.7701676171    0.2248282878
   0.3156187225    4.4134838624   -0.8134688133
  -0.6308971893    4.9599550789   -0.8134688133
  -1.7072353710    4.7701676171   -0.8134688133
   0.0791313266    3.3864539232   -1.6534688133
  -0.6032000355    4.3256024737   -1.6534688133
  -3.7453023801    3.1827334807   -0.6609664596
  -3.7453023801    2.0897910477   -0.6609664596
  -1.9664343444    4.2097634200   -1.6992635607
  -3.0427725261    4.0199759582   -1.6992635607
  -3.7453023801    3.1827334807   -1.6992635607
  -3.7453023801    2.0897910477   -1.6992635607
  -1.2564058285    2.6362622642   -2.5392635607
  -1.9387371906    3.5754108148   -2.5392635607
  -3.0427725261    3.2166879890   -2.5392635607
  -3.0427725261    2.0558365395   -2.5392635607
  -1.9387371906    1.6971137137   -2.5392635607
  -2.2438850524    2.6362622642   -2.8601150101
  -2.3236873322    2.7671246357    2.2483040840
  -1.3362081083    2.7671246357    1.9274526346
  -2.0185394704    3.7062731863    1.9274526346
  -3.1225748059    3.3475503604    1.9274526346
  -3.1225748059    2.1866989110    1.9274526346
  -2.0185394704    1.8279760852    1.9274526346
  -2.0462366243    4.3406257914    1.0874526346
  -3.1225748059    4.1508383297    1.0874526346
  -3.8251046599    3.3135958522    1.0874526346
  -3.8251046599    2.2206534192    1.0874526346
  -3.1225748059    4.1508383297    0.0491555335
  -3.8251046599    3.3135958522    0.0491555335
  -3.8251046599    2.2206534192    0.0491555335
  -1.1760072397   -4.0013366022    1.5313231712
  -2.2800425752   -4.4459017456    0.6913231712
  -1.2037043935   -4.6356892074    0.6913231712
  -0.2571884817   -4.0892179909    0.6913231712
  -2.2800425752   -4.4459017456   -0.3469739299
  -1.2037043935   -4.6356892074   -0.3469739299
  -0.2571884817   -4.0892179909   -0.3469739299
  -0.4936758776   -3.0621880516   -1.1869739299
  -1.1760072397   -4.0013366022   -1.1869739299
  -4.1859162371   -1.7112995187   -0.3251564809
  -4.1859162371   -2.8042419517   -0.3251564809
  -4.1859162371   -1.7112995187   -1.3634535820
  -4.1859162371   -2.8042419517   -1.3634535820
  -3.4833863830   -3.6414844292   -1.3634535820
  -2.4070482014   -3.8312718909   -1.3634535820
  -1.6970196855   -2.2577707352   -2.2034535820
  -2.3793510476   -1.3186221846   -2.2034535820
  -3.4833863830   -1.6773450105   -2.2034535820
  -3.4833863830   -2.8381964599   -2.2034535820
  -2.3793510476   -3.1969192857   -2.2034535820
  -2.6844989093   -2.2577707352   -2.5243050315
  -2.7830097326   -2.1142458743    2.5842446353
  -1.7955305087   -2.1142458743    2.2633931858
  -2.4778618708   -1.1750973238    2.2633931858
  -3.5818972062   -1.5338201496    2.2633931858
  -3.5818972062   -2.6946715990    2.2633931858
  -2.4778618708   -3.0533944249    2.2633931858
  -3.5818972062   -0.7305321803    1.4233931858
  -4.2844270603   -1.5677746578    1.4233931858
  -4.2844270603   -2.6607170908    1.4233931858
  -3.5818972062   -3.4979595683    1.4233931858
  -4.2844270603   -1.5677746578    0.3850960847
  -4.2844270603   -2.6607170908    0.3850960847
   3.9651797538   -0.6287780201    2.2997015550
   5.5526305404    1.2882452798    0.6714265136
   5.5526305404    1.2882452798   -0.3966739694
   5.3209148248    0.2730323968   -1.3589992524
   3.9651797538   -0.6287780201   -2.0249490109
   2.2171828609   -0.5020001306    2.5391015207
   1.6965223740    0.3998102862    2.3014268037
   2.2171828609   -0.5020001306   -2.2608984793
   2.0903492469   -1.8219945902    2.6318586047
   3.1316702208   -1.8219945902    2.3941838877
   2.6110097339   -2.7238050071    2.3941838877
   3.9667448049   -1.8219945902   -1.2645169197
   3.1316702208   -1.8219945902   -1.9304666782
   2.6110097339   -2.7238050071   -1.9304666782
   2.0903492469   -1.8219945902   -2.1681413953
   0.8509947103   -2.2459337683    2.6066834589
  -0.1903262636   -2.2459337683    2.3690087419
   0.3303342234   -3.1477441852    2.3690087419
   1.3716551972   -3.1477441852    2.3690087419
  -0.3777830619   -3.6640189125    1.7030589834
   0.5839557799   -4.1032303250    1.7030589834
   1.6304775954   -3.9527632037    1.7030589834
   0.3303342234   -4.5270964098    0.7407337004
   1.3716551972   -4.5270964098    0.7407337004
   0.3303342234   -4.5270964098   -0.3273667826
   1.3716551972   -4.5270964098   -0.3273667826
  -0.3777830619   -3.6640189125   -1.2896920656
   0.5839557799   -4.1032303250   -1.2896920656
   1.6304775954   -3.9527632037   -1.2896920656
   0.3303342234   -3.1477441852   -1.9556418241
   1.3716551972   -3.1477441852   -1.9556418241
   0.8509947103   -2.2459337683   -2.1933165411
   0.1286391971   -1.1164510858    2.4890991248
  -0.3920212898   -0.2146406689    2.2514244078
  -0.3920212898   -2.0182615026    2.2514244078
  -0.3920212898   -2.0182615026   -2.0732261582
   0.1286391971   -1.1164510858   -2.3109008752
   0.9245941558   -0.0184598450    2.4437496097
   1.4452546428    0.8833505719    2.2060748926
  -0.1167268180   -0.0184598450   -2.1185756733
   1.4452546428   -0.9202702619   -2.1185756733
   0.9245941558   -0.0184598450   -2.3562503903
   0.4157073250    1.3150106151    2.3215643817
   1.4570282988    1.3150106151    2.0838896647
  -0.1049531620    2.2168210320    2.0838896647
   1.4570282988    1.3150106151   -2.2407609012
  -0.1049531620    2.2168210320   -2.2407609012
  -0.1049531620    0.4132001982   -2.2407609012
   0.4157073250    1.3150106151   -2.4784356183
   1.0766665606    2.3178539692    2.1177758354
   2.0485661363    2.3178539692    1.8959460995
   1.5626163485    3.1595436917    1.8959460995
   0.5907167728    3.1595436917    1.8959460995
   2.4935000622    3.3472437632    1.2743929916
   1.6178488018    3.9834416436    1.2743929916
   0.5354843194    3.9834416436    1.2743929916
   3.0103595401    3.3327343350    0.3762227275
   2.3172282383    4.1151178396    0.3762227275
   1.3398992065    4.4857698509    0.3762227275
   3.0103595401    3.3327343350   -0.6206710567
   2.3172282383    4.1151178396   -0.6206710567
   1.3398992065    4.4857698509   -0.6206710567
   2.4935000622    3.3472437632   -1.5188413208
   1.6178488018    3.9834416436   -1.5188413208
   0.5354843194    3.9834416436   -1.5188413208
   2.0485661363    2.3178539692   -2.1403944287
   1.5626163485    3.1595436917   -2.1403944287
   0.5907167728    3.1595436917   -2.1403944287
   1.0766665606    2.3178539692   -2.3622241646
  -0.9778589579    1.3282742783    2.2563536262
  -0.4571984710    2.2300846952    2.0186789092
  -2.0191799318    1.3282742783    2.0186789092
  -0.4571984710    0.4264638614    2.0186789092
  -0.4571984710    0.4264638614   -2.3059716567
  -0.9778589579    1.3282742783   -2.5436463738
  -0.6185987108    2.6175396648    1.8911789842
  -1.1392591978    3.5193500817    1.8911789842
  -2.1805801717    4.8987023063    0.2629039428
  -2.1805801717    4.8987023063   -0.8051965402
  -3.1187779506    4.4468900685   -0.8051965402
  -1.9269586151    4.4748362215   -1.7675218232
  -0.6185987108    2.6175396648   -2.4334715817
  -1.8150351853    0.2177606934    2.3002352152
  -0.7737142114    0.2177606934    2.0625604981
  -2.3356956723    1.1195711103    2.0625604981
  -0.7737142114    0.2177606934   -2.2620900678
  -2.3356956723   -0.6840497234   -2.2620900678
  -1.8150351853    0.2177606934   -2.4997647848
  -3.0052277381    0.3433288175    2.0752974267
  -3.4911775259    1.1850185399    1.8534676908
  -3.9771273137    0.3433288175    1.8534676908
  -3.4911775259   -0.4983609049    1.8534676908
  -4.4220612396    1.3727186115    1.2319145829
  -4.7565302588    0.3433288175    1.2319145829
  -4.4220612396   -0.6860609765    1.2319145829
  -4.6398543450    1.7914816242    0.3337443188
  -5.1256078828    0.8659555844    0.3337443188
  -5.1256078828   -0.1792979494    0.3337443188
  -4.6398543450   -1.1048239892    0.3337443188
  -4.6398543450    1.7914816242   -0.6631494654
  -5.1256078828    0.8659555844   -0.6631494654
  -5.1256078828   -0.1792979494   -0.6631494654
  -4.6398543450   -1.1048239892   -0.6631494654
  -4.4220612396    1.3727186115   -1.5613197295
  -4.7565302588    0.3433288175   -1.5613197295
  -4.4220612396   -0.6860609765   -1.5613197295
  -3.4911775259    1.1850185399   -2.1828728374
  -3.9771273137    0.3433288175   -2.1828728374
  -3.4911775259   -0.4983609049   -2.1828728374
  -3.0052277381    0.3433288175   -2.4047025733
  -1.2353201119   -1.0200973864    2.4198954312
  -0.7146596250   -0.1182869695    2.1822207141
  -0.7146596250   -1.9219078032   -2.1424298518
  -1.2353201119   -1.0200973864   -2.3801045688
  -1.0636652981   -2.1898512883    2.2281704928
  -1.5843257850   -3.0916617051    2.2281704928
  -2.3720252023   -4.0471478449    1.5622207343
  -3.5638445379   -4.0192016920    0.5998954514
  -3.5638445379   -4.0192016920   -0.4682050316
  -2.6256467589   -4.4710139297   -0.4682050316
  -1.0636652981   -2.1898512883   -2.0964800731
   3.4495701175    0.9636816784    2.8880209040
   4.4095701175    0.9636816784    2.6307896793
   3.9295701175    1.7950660660    2.6307896793
   2.9695701175    1.7950660660    2.6307896793
   2.4895701175    0.9636816784    2.6307896793
   2.9695701175    0.1322972907    2.6307896793
   3.9295701175    0.1322972907    2.6307896793
   5.1123388928    0.9636816784    1.9280209040
   4.7947783144    1.9410326424    1.9280209040
   3.9633939268    2.5450687572    1.9280209040
   2.9357463082    2.5450687572    1.9280209040
   2.1043619206    1.9410326424    1.9280209040
   5.1123388928    1.9236816784    0.9680209040
   4.4095701175    2.6264504536    0.9680209040
   3.4495701175    2.8836816784    0.9680209040
   5.2386793254   -0.4090496260    1.8885507734
   4.7586793254   -1.2404340137    1.8885507734
   5.9414481007   -0.4090496260    1.1857819981
   5.6238875223    0.5683013380    1.1857819981
   4.7925031347   -1.9904367048    1.1857819981
   5.6238875223   -1.3864005901    1.1857819981
   6.1986793254   -0.4090496260    0.2257819981
   5.9414481007    0.5509503740    0.2257819981
   5.2386793254   -2.0718184013    0.2257819981
   5.9414481007   -1.3690496260    0.2257819981
   5.9414481007   -0.4090496260   -0.7342180019
   4.7925031347   -1.9904367048   -0.7342180019
   5.6238875223   -1.3864005901   -0.7342180019
   5.2386793254   -0.4090496260   -1.4369867772
   4.7586793254   -1.2404340137   -1.4369867772
   5.1917337121    1.7939578844   -0.7819732304
   4.4889649369    2.4967266596   -0.7819732304
   3.5289649369    2.7539578844   -0.7819732304
   5.1917337121    0.8339578844   -1.7419732304
   4.8741731338    1.8113088485   -1.7419732304
   4.0427887462    2.4153449632   -1.7419732304
   3.0151411276    2.4153449632   -1.7419732304
   4.4889649369    0.8339578844   -2.4447420057
   4.0089649369    1.6653422720   -2.4447420057
   3.0489649369    1.6653422720   -2.4447420057
   2.5689649369    0.8339578844   -2.4447420057
   3.0489649369    0.0025734967   -2.4447420057
   4.0089649369    0.0025734967   -2.4447420057
   3.5289649369    0.8339578844   -2.7019732304
   3.9016334610   -2.4667297869    1.9817359551
   3.4216334610   -3.2981141746    1.9817359551
   4.6044022363   -2.4667297869    1.2789671799
   2.4278096517   -4.0481168657    1.2789671799
   3.4554572703   -4.0481168657    1.2789671799
   4.2868416579   -3.4440807510    1.2789671799
   4.8616334610   -2.4667297869    0.3189671799
   2.9416334610   -4.3867297869    0.3189671799
   3.9016334610   -4.1294985622    0.3189671799
   4.6044022363   -3.4267297869    0.3189671799
   4.6044022363   -2.4667297869   -0.6410328201
   2.4278096517   -4.0481168657   -0.6410328201
   3.4554572703   -4.0481168657   -0.6410328201
   4.2868416579   -3.4440807510   -0.6410328201
   3.9016334610   -2.4667297869   -1.3438015954
   3.4216334610   -3.2981141746   -1.3438015954
  -0.4283478973    4.2178383108    1.3684485125
   0.4368602996    4.3638048872    0.6656797373
  -0.3945240880    4.9678410020    0.6656797373
  -1.4221717065    4.9678410020    0.6656797373
   0.0516521027    5.0492226984   -0.2943202627
  -0.9083478973    5.3064539232   -0.2943202627
  -1.8683478973    5.0492226984   -0.2943202627
   0.4368602996    4.3638048872   -1.2543202627
  -0.3945240880    4.9678410020   -1.2543202627
  -1.4221717065    4.9678410020   -1.2543202627
   0.0516521027    3.3864539232   -1.9570890380
  -0.4283478973    4.2178383108   -1.9570890380
  -3.2038850524    4.2990310395   -1.1801150101
  -3.9066538276    3.5962622642   -1.1801150101
  -4.1638850524    2.6362622642   -1.1801150101
  -1.7300612431    4.2176493431   -2.1401150101
  -2.7577088616    4.2176493431   -2.1401150101
  -3.5890932493    3.6136132283   -2.1401150101
  -3.9066538276    2.6362622642   -2.1401150101
  -3.5890932493    1.6589113002   -2.1401150101
  -1.2838850524    2.6362622642   -2.8428837854
  -1.7638850524    3.4676466519   -2.8428837854
  -2.7238850524    3.4676466519   -2.8428837854
  -3.2038850524    2.6362622642   -2.8428837854
  -2.7238850524    1.8048778766   -2.8428837854
  -1.7638850524    1.8048778766   -2.8428837854
  -2.2438850524    2.6362622642   -3.1001150101
  -2.3236873322    2.7671246357    2.4883040840
  -1.3636873322    2.7671246357    2.2310728593
  -1.8436873322    3.5985090233    2.2310728593
  -2.8036873322    3.5985090233    2.2310728593
  -3.2836873322    2.7671246357    2.2310728593
  -2.8036873322    1.9357402481    2.2310728593
  -1.8436873322    1.9357402481    2.2310728593
  -1.8098635229    4.3485117145    1.5283040840
  -2.8375111415    4.3485117145    1.5283040840
  -3.6688955291    3.7444755998    1.5283040840
  -3.9864561075    2.7671246357    1.5283040840
  -3.6688955291    1.7897736716    1.5283040840
  -3.2836873322    4.4298934110    0.5683040840
  -3.9864561075    3.7271246357    0.5683040840
  -4.2436873322    2.7671246357    0.5683040840
  -1.9611551015   -3.8935724392    1.8349433960
  -1.0011551015   -3.8935724392    1.8349433960
  -1.9949789107   -4.6435751304    1.1321746207
  -0.9673312922   -4.6435751304    1.1321746207
  -2.4411551015   -4.7249568269    0.1721746207
  -1.4811551015   -4.9821880516    0.1721746207
  -0.5211551015   -4.7249568269    0.1721746207
  -1.9949789107   -4.6435751304   -0.7878253793
  -0.9673312922   -4.6435751304   -0.7878253793
  -1.0011551015   -3.8935724392   -1.4905941546
  -4.6044989093   -2.2577707352   -0.8443050315
  -4.3472676846   -3.2177707352   -0.8443050315
  -3.6444989093   -3.9205395105   -0.8443050315
  -4.0297071062   -1.2804197711   -1.8043050315
  -4.3472676846   -2.2577707352   -1.8043050315
  -4.0297071062   -3.2351216993   -1.8043050315
  -3.1983227186   -3.8391578140   -1.8043050315
  -2.1706751001   -3.8391578140   -1.8043050315
  -1.7244989093   -2.2577707352   -2.5070738067
  -2.2044989093   -1.4263863476   -2.5070738067
  -3.1644989093   -1.4263863476   -2.5070738067
  -3.6444989093   -2.2577707352   -2.5070738067
  -3.1644989093   -3.0891551228   -2.5070738067
  -2.2044989093   -3.0891551228   -2.5070738067
  -2.6844989093   -2.2577707352   -2.7643050315
  -2.7830097326   -2.1142458743    2.8242446353
  -1.8230097326   -2.1142458743    2.5670134105
  -2.3030097326   -1.2828614867    2.5670134105
  -3.2630097326   -1.2828614867    2.5670134105
  -3.7430097326   -2.1142458743    2.5670134105
  -3.2630097326   -2.9456302619    2.5670134105
  -2.3030097326   -2.9456302619    2.5670134105
  -4.1282179295   -1.1368949102    1.8642446353
  -4.4457785078   -2.1142458743    1.8642446353
  -4.1282179295   -3.0915968384    1.8642446353
  -3.2968335418   -3.6956329531    1.8642446353
  -4.4457785078   -1.1542458743    0.9042446353
  -4.7030097326   -2.1142458743    0.9042446353
  -4.4457785078   -3.0742458743    0.9042446353
  -3.7430097326   -3.7770146496    0.9042446353
   3.9611419005   -0.6217842531    2.6318510098
   5.3537075760    0.2730323968    2.0465645813
   5.6919633473    1.3553444231    1.1706215394
   5.9389940046    1.3062776642    0.1373762721
   5.3537075760    2.1822207060    0.1373762721
   4.4777645342    2.7675071346    0.1373762721
   5.6919633473    1.3553444231   -0.8958689953
   4.2376247531   -1.4636263744   -1.7718120371
   5.0506306768   -0.7591527314   -1.7718120371
   3.9611419005   -0.6217842531   -2.3570984657
   2.2171828609   -0.5020001306    2.8391015207
   1.7005602272    0.3928165193    2.6335762585
   2.2171828609   -0.5020001306   -2.5608984793
   2.0903492469   -1.8219945902    2.9318586047
   3.1235945143   -1.8219945902    2.7263333425
   2.6069718806   -2.7168112401    2.7263333425
   3.9995375561   -1.8219945902    2.1410469139
   3.9995375561   -1.8219945902   -1.6773297045
   2.8834547332   -3.5586533614   -1.6773297045
   3.6964606569   -2.8541797183   -1.6773297045
   3.1235945143   -1.8219945902   -2.2626161330
   2.6069718806   -2.7168112401   -2.2626161330
   2.0903492469   -1.8219945902   -2.4681413953
   0.8509947103   -2.2459337683    2.9066834589
  -0.1822505571   -2.2459337683    2.7011581967
   0.3343720766   -3.1407504182    2.7011581967
   1.3676173440   -3.1407504182    2.7011581967
  -0.3992577471   -3.6888020203    2.1158717681
   0.5792888848   -4.1356892933    2.1158717681
   1.6441001966   -3.9825925395    2.1158717681
   0.2959218619   -4.6778668164    1.2399287263
   1.4060675587   -4.6778668164    1.2399287263
   0.8509947103   -4.9459337683    0.2066834589
   1.8842399777   -4.7404085061    0.2066834589
   0.2959218619   -4.6778668164   -0.8265618085
   1.4060675587   -4.6778668164   -0.8265618085
  -0.3992577471   -3.6888020203   -1.7025048503
   0.5792888848   -4.1356892933   -1.7025048503
   1.6441001966   -3.9825925395   -1.7025048503
   0.3343720766   -3.1407504182   -2.2877912789
   1.3676173440   -3.1407504182   -2.2877912789
   0.8509947103   -2.2459337683   -2.4933165411
   0.1286391971   -1.1164510858    2.7890991248
  -0.3879834366   -0.2216344359    2.5835738626
  -0.3879834366   -2.0112677357   -2.4053756130
   0.1286391971   -1.1164510858   -2.6109008752
   0.9245941558   -0.0184598450    2.7437496097
   1.4412167895    0.8763568049    2.5382243474
  -0.1086511115   -0.0184598450   -2.4507251281
   1.4412167895   -0.9132764949   -2.4507251281
   0.9245941558   -0.0184598450   -2.6562503903
   0.4157073250    1.3150106151    2.6215643817
   1.4489525924    1.3150106151    2.4160391195
   0.9323299587    2.2098272650    2.4160391195
  -0.1009153087    2.2098272650    2.4160391195
   1.4489525924    1.3150106151   -2.5729103560
  -0.1009153087    2.2098272650   -2.5729103560
  -0.1009153087    0.4201939652   -2.5729103560
   0.4157073250    1.3150106151   -2.7784356183
   1.0766665606    2.3178539692    2.3977758354
   2.1700535832    2.3178539692    2.1482173825
   1.6233600719    3.2647549070    2.1482173825
   0.5299730494    3.2647549070    2.1482173825
   2.7341171723    3.3830327990    1.4489701361
   1.8951235900    4.1100248764    1.4489701361
   0.7962756838    4.2680153538    1.4489701361
   3.2901833979    3.3838274964    0.4385285890
   2.6084677398    4.2386718931    0.4385285890
   1.6233600719    4.7130747428    0.4385285890
   3.2901833979    3.3838274964   -0.6829769182
   2.6084677398    4.2386718931   -0.6829769182
   1.6233600719    4.7130747428   -0.6829769182
   2.7341171723    3.3830327990   -1.6934184653
   1.8951235900    4.1100248764   -1.6934184653
   0.7962756838    4.2680153538   -1.6934184653
   2.1700535832    2.3178539692   -2.3926657117
   1.6233600719    3.2647549070   -2.3926657117
   0.5299730494    3.2647549070   -2.3926657117
   1.0766665606    2.3178539692   -2.6422241646
  -0.9778589579    1.3282742783    2.5563536262
  -0.4612363242    2.2230909282    2.3508283640
  -0.4612363242    0.4334576284    2.3508283640
  -0.4612363242    0.4334576284   -2.6381211115
  -0.9778589579    1.3282742783   -2.8436463738
  -0.6266744173    2.6175396648    2.2233284390
  -1.1432970510    3.5123563147    2.2233284390
  -0.8668141984    4.3541984360    1.6380420105
  -2.2149925331    5.0494727129    0.7620989687
  -2.6931649521    5.1120144026   -0.2711462987
  -3.5691079939    4.5267279740   -0.2711462987
  -4.1543944225    3.6507849322   -0.2711462987
  -4.3599196847    2.6175396648   -0.2711462987
  -2.2149925331    5.0494727129   -1.3043915661
  -3.2151992447    4.5677985470   -1.3043915661
  -0.6266744173    2.6175396648   -2.7656210365
  -1.8150351853    0.2177606934    2.6002352152
  -0.7817899179    0.2177606934    2.3947099529
  -2.3316578190    1.1125773433    2.3947099529
  -2.8482804527    0.2177606934    2.3947099529
  -2.3316578190   -0.6770559564   -2.5942395226
  -1.8150351853    0.2177606934   -2.7997647848
  -3.0052277381    0.3433288175    2.3552974267
  -3.5519212494    1.2902297552    2.1057389738
  -4.0986147606    0.3433288175    2.1057389738
  -4.2954443989    1.8323182189    1.4064917274
  -4.8956355093    0.8984026216    1.4064917274
  -4.8956355093   -0.2117449866    1.4064917274
  -4.5370289173    2.2641467414    0.3960501803
  -5.2187445753    1.4093023446    0.3960501803
  -5.4620460768    0.3433288175    0.3960501803
  -5.2187445753   -0.7226447096    0.3960501803
  -4.5370289173    2.2641467414   -0.7254553269
  -5.2187445753    1.4093023446   -0.7254553269
  -5.4620460768    0.3433288175   -0.7254553269
  -5.2187445753   -0.7226447096   -0.7254553269
  -4.2954443989    1.8323182189   -1.7358968740
  -4.8956355093    0.8984026216   -1.7358968740
  -4.8956355093   -0.2117449866   -1.7358968740
  -3.5519212494    1.2902297552   -2.4351441204
  -4.0986147606    0.3433288175   -2.4351441204
  -3.5519212494   -0.6035721202   -2.4351441204
  -3.0052277381    0.3433288175   -2.6847025733
  -1.2353201119   -1.0200973864    2.7198954312
  -0.7186974782   -0.1252807365    2.5143701690
  -0.7186974782   -1.9149140362   -2.4745793066
  -1.2353201119   -1.0200973864   -2.6801045688
  -1.0717410046   -2.1898512883    2.5603199477
  -1.5883636383   -3.0846679381    2.5603199477
  -2.3766920974   -4.0796068133    1.9750335191
  -3.6602658319   -4.1401101705    1.0990904773
  -2.6600591203   -4.6217843363    1.0990904773
  -4.8049862719   -2.1898512883    0.0658452099
  -4.5994610097   -3.2230965556    0.0658452099
  -4.0141745812   -4.0990395975    0.0658452099
  -3.1382315393   -4.6843260260    0.0658452099
  -2.6600591203   -4.6217843363   -0.9674000575
  -1.3118807857   -3.9265100595   -1.8433430993
  -1.0717410046   -2.1898512883   -2.4286295279
   3.4495701175    0.9636816784    3.1280209040
   4.5295701175    0.9636816784    2.8386357762
   3.9895701175    1.8989891145    2.8386357762
   2.9095701175    1.8989891145    2.8386357762
   2.3695701175    0.9636816784    2.8386357762
   2.9095701175    0.0283742423    2.8386357762
   3.9895701175    0.0283742423    2.8386357762
   5.3201849897    0.9636816784    2.0480209040
   5.0232314873    1.9750124320    2.0480209040
   4.2266516189    2.6652528171    2.0480209040
   3.1833538645    2.8152563883    2.0480209040
   4.6765899704    2.7413268287    0.9680209040
   3.7099293468    3.1079328464    0.9680209040
   5.3586793254   -0.4090496260    2.0963968703
   4.8186793254   -1.3443570621    2.0963968703
   6.1492941976   -0.4090496260    1.3057819981
   5.0557608269   -2.1106207647    1.3057819981
   5.8523406952   -1.4203803797    1.3057819981
   6.4386793254   -0.4090496260    0.2257819981
   6.1912643408    0.5947524256    0.2257819981
   5.5056991783   -2.1866947764    0.2257819981
   6.1912643408   -1.4128516776    0.2257819981
   6.1492941976   -0.4090496260   -0.8542180019
   5.0557608269   -2.1106207647   -0.8542180019
   5.8523406952   -1.4203803797   -0.8542180019
   5.3586793254   -0.4090496260   -1.6448328741
   4.8186793254   -1.3443570621   -1.6448328741
   4.7559847898    2.6116030347   -0.7819732304
   3.7893241662    2.9782090524   -0.7819732304
   5.3995798091    0.8339578844   -1.8619732304
   5.1026263067    1.8452886380   -1.8619732304
   4.3060464383    2.5355290231   -1.8619732304
   3.2627486839    2.6855325944   -1.8619732304
   4.6089649369    0.8339578844   -2.6525881026
   4.0689649369    1.7692653205   -2.6525881026
   2.9889649369    1.7692653205   -2.6525881026
   2.4489649369    0.8339578844   -2.6525881026
   2.9889649369   -0.1013495517   -2.6525881026
   4.0689649369   -0.1013495517   -2.6525881026
   3.5289649369    0.8339578844   -2.9419732304
   4.0216334610   -2.4667297869    2.1895820520
   3.4816334610   -3.4020372230    2.1895820520
   4.8122483332   -2.4667297869    1.3989671799
   2.6754172080   -4.3183044969    1.3989671799
   3.7187149625   -4.1683009256    1.3989671799
   4.5152948308   -3.4780605406    1.3989671799
   5.1016334610   -2.4667297869    0.3189671799
   3.2019926904   -4.6109809550    0.3189671799
   4.1686533139   -4.2443749373    0.3189671799
   4.8542184764   -3.4705318385    0.3189671799
   4.8122483332   -2.4667297869   -0.7610328201
   2.6754172080   -4.3183044969   -0.7610328201
   3.7187149625   -4.1683009256   -0.7610328201
   4.5152948308   -3.4780605406   -0.7610328201
   4.0216334610   -2.4667297869   -1.5516476923
   3.4816334610   -3.4020372230   -1.5516476923
  -0.3683478973    4.3217613592    1.5762946094
  -0.1312663958    5.0880250619    0.7856797373
  -1.1745641503    5.2380286331    0.7856797373
   0.3186719557    5.1640990735   -0.2943202627
  -0.6479886679    5.5307050912   -0.2943202627
  -1.6742944533    5.4060890074   -0.2943202627
  -0.1312663958    5.0880250619   -1.3743202627
  -1.1745641503    5.2380286331   -1.3743202627
  -0.3683478973    4.3217613592   -2.1649351349
  -3.8606682684    4.0686072060   -1.1801150101
  -4.3411193780    3.1531840991   -1.1801150101
  -2.5101013054    4.4878369742   -2.2601150101
  -3.4688772805    4.0499786577   -2.2601150101
  -4.0387268786    3.1632753750   -2.2601150101
  -4.0387268786    2.1092491534   -2.2601150101
  -1.1638850524    2.6362622642   -3.0507298823
  -1.7038850524    3.5715697003   -3.0507298823
  -2.7838850524    3.5715697003   -3.0507298823
  -3.3238850524    2.6362622642   -3.0507298823
  -2.7838850524    1.7009548282   -3.0507298823
  -1.7038850524    1.7009548282   -3.0507298823
  -2.2438850524    2.6362622642   -3.3401150101
  -2.3236873322    2.7671246357    2.7283040840
  -1.2436873322    2.7671246357    2.4389189562
  -1.7836873322    3.7024320718    2.4389189562
  -2.8636873322    3.7024320718    2.4389189562
  -3.4036873322    2.7671246357    2.4389189562
  -2.8636873322    1.8318171996    2.4389189562
  -1.7836873322    1.8318171996    2.4389189562
  -2.5899035852    4.6186993457    1.6483040840
  -3.5486795603    4.1808410291    1.6483040840
  -4.1185291584    3.2941377465    1.6483040840
  -4.1185291584    2.2401115249    1.6483040840
  -3.0896338882    4.7867597199    0.5683040840
  -3.9404705482    4.1994695775    0.5683040840
  -4.4209216578    3.2840464706    0.5683040840
  -0.9411551015   -3.9974954877    2.0427894929
  -1.7473713545   -4.9137627616    1.2521746207
  -0.7040736000   -4.7637591903    1.2521746207
  -2.2471016575   -5.0818231358    0.1721746207
  -1.2207958721   -5.2064392197    0.1721746207
  -0.2541352485   -4.8398332019    0.1721746207
  -1.7473713545   -4.9137627616   -0.9078253793
  -0.7040736000   -4.7637591903   -0.9078253793
  -0.9411551015   -3.9974954877   -1.6984402515
  -4.7817332350   -1.7408489003   -0.8443050315
  -4.7817332350   -2.7746925701   -0.8443050315
  -4.3012821254   -3.6901156770   -0.8443050315
  -4.4793407355   -1.7307576244   -1.9243050315
  -4.4793407355   -2.7847838460   -1.9243050315
  -3.9094911375   -3.6714871286   -1.9243050315
  -2.9507151623   -4.1093454452   -1.9243050315
  -1.6044989093   -2.2577707352   -2.7149199037
  -2.1444989093   -1.3224632991   -2.7149199037
  -3.2244989093   -1.3224632991   -2.7149199037
  -3.7644989093   -2.2577707352   -2.7149199037
  -3.2244989093   -3.1930781713   -2.7149199037
  -2.1444989093   -3.1930781713   -2.7149199037
  -2.6844989093   -2.2577707352   -3.0043050315
  -2.7830097326   -2.1142458743    3.0642446353
  -1.7030097326   -2.1142458743    2.7748595074
  -2.2430097326   -1.1789384382    2.7748595074
  -3.3230097326   -1.1789384382    2.7748595074
  -3.8630097326   -2.1142458743    2.7748595074
  -3.3230097326   -3.0495533104    2.7748595074
  -2.2430097326   -3.0495533104    2.7748595074
  -4.0080019607   -0.7005294809    1.9842446353
  -4.5778515587   -1.5872327635    1.9842446353
  -4.5778515587   -2.6412589851    1.9842446353
  -4.0080019607   -3.5279622677    1.9842446353
  -3.0492259856   -3.9658205843    1.9842446353
  -4.8802440582   -1.5973240394    0.9042446353
  -4.8802440582   -2.6311677092    0.9042446353
  -4.3997929486   -3.5465908161    0.9042446353
   3.9575494818   -0.6155620014    2.9564541344
   5.3728820959    0.2730323968    2.4355096014
   4.2455901365   -1.4810681312    2.4355096014
   5.8179799883    1.3297651934    1.6373762721
   6.1994369098    1.3402931775    0.6583208051
   5.6278644005    2.2634144759    0.6583208051
   6.1994369098    1.3402931775   -0.3835682609
   5.6278644005    2.2634144759   -0.3835682609
   4.7614190326    2.9177236454   -0.3835682609
   3.7171190541    3.2148526070   -0.3835682609
   6.0425954782    0.2730323968   -1.3626237279
   5.8179799883    1.3297651934   -1.3626237279
   4.2455901365   -1.4810681312   -2.1607570573
   5.0667613094   -0.7695192595   -2.1607570573
   3.9575494818   -0.6155620014   -2.6817015903
   2.2171828609   -0.5020001306    3.1391015207
   1.7041526459    0.3865942675    2.9581793830
   2.7302130759   -1.3905945288   -2.6799763417
   2.2171828609   -0.5020001306   -2.8608984793
   2.0903492469   -1.8219945902    3.2318586047
   3.1164096769   -1.8219945902    3.0509364671
   1.5773190319   -0.9334001920    3.0509364671
   2.6033794619   -2.7105889884    3.0509364671
   4.0187120760   -1.8219945902    2.5299919341
   2.8914201166   -3.5760951181    2.5299919341
   2.8931989489   -4.2929119008   -1.2681413953
   4.0187120760   -1.8219945902   -2.0662747246
   2.8914201166   -3.5760951181   -2.0662747246
   3.7125912895   -2.8645462464   -2.0662747246
   3.1164096769   -1.8219945902   -2.5872192576
   2.6033794619   -2.7105889884   -2.5872192576
   2.0903492469   -1.8219945902   -2.7681413953
   0.8509947103   -2.2459337683    3.2066834589
  -0.1750657197   -2.2459337683    3.0257613213
   0.3379644953   -3.1345281665    3.0257613213
   1.3640249253   -3.1345281665    3.0257613213
  -0.4118143872   -3.7032931556    2.5048167883
   0.5765600662   -4.1546686442    2.5048167883
   1.6520655800   -4.0000342963    2.5048167883
   0.5794217965   -4.8297774463    1.7066834589
   1.6538444123   -4.7168510789    1.7066834589
   0.0424784073   -5.0875738196    0.7276279919
   1.1235944976   -5.1877539786    0.7276279919
   2.1678944761   -4.8906250169    0.7276279919
   0.0424784073   -5.0875738196   -0.3142610741
   1.1235944976   -5.1877539786   -0.3142610741
   2.1678944761   -4.8906250169   -0.3142610741
   0.5794217965   -4.8297774463   -1.2933165411
   1.6538444123   -4.7168510789   -1.2933165411
  -0.4118143872   -3.7032931556   -2.0914498705
   0.5765600662   -4.1546686442   -2.0914498705
   1.6520655800   -4.0000342963   -2.0914498705
   0.3379644953   -3.1345281665   -2.6123944035
   1.3640249253   -3.1345281665   -2.6123944035
   0.8509947103   -2.2459337683   -2.7933165411
   0.1286391971   -1.1164510858    3.0890991248
  -0.3843910179   -0.2278566876    2.9081769872
  -0.3843910179   -2.0050454839   -2.7299787375
   0.1286391971   -1.1164510858   -2.9109008752
   0.9245941558   -0.0184598450    3.0437496097
   1.4376243708    0.8701345532    2.8628274720
  -0.1014662741   -0.0184598450   -2.7753282527
   1.4376243708   -0.9070542432   -2.7753282527
   0.9245941558   -0.0184598450   -2.9562503903
   0.4157073250    1.3150106151    2.9215643817
   1.4417677549    1.3150106151    2.7406422441
   0.9287375400    2.2036050133    2.7406422441
  -0.0973228900    2.2036050133    2.7406422441
   1.4417677549    1.3150106151   -2.8975134806
  -0.0973228900    2.2036050133   -2.8975134806
  -0.0973228900    0.4264162169   -2.8975134806
   0.4157073250    1.3150106151   -3.0784356183
   1.0766665606    2.3178539692    2.6777758354
   2.1481801713    2.3178539692    2.4646385264
   1.6124233660    3.2458119765    2.4646385264
   0.5409097553    3.2458119765    2.4646385264
   2.7913093806    3.3078034629    1.8576748227
   2.0666160543    4.0324967892    1.8576748227
   1.0766665606    4.2977529566    1.8576748227
   0.0867170670    4.0324967892    1.8576748227
   3.4398832216    3.3700258163    0.9492894460
   2.8076155617    4.2402675923    0.9492894460
   1.8760510943    4.7781065883    0.9492894460
   0.8062657789    4.8905455558    0.9492894460
   3.6875888030    3.3293306346   -0.1222241646
   3.1458915289    4.2042017714   -0.1222241646
   2.3247339568    4.8243111850   -0.1222241646
   1.3350179671    5.1059096629   -0.1222241646
   3.4398832216    3.3700258163   -1.1937377752
   2.8076155617    4.2402675923   -1.1937377752
   1.8760510943    4.7781065883   -1.1937377752
   0.8062657789    4.8905455558   -1.1937377752
   2.7913093806    3.3078034629   -2.1021231519
   2.0666160543    4.0324967892   -2.1021231519
   1.0766665606    4.2977529566   -2.1021231519
   2.1481801713    2.3178539692   -2.7090868556
   1.6124233660    3.2458119765   -2.7090868556
   0.5409097553    3.2458119765   -2.7090868556
   1.0766665606    2.3178539692   -2.9222241646
  -0.9778589579    1.3282742783    2.8563536262
  -0.4648287429    2.2168686765    2.6754314886
  -0.4648287429    0.4396798801    2.6754314886
  -0.4648287429    0.4396798801   -2.9627242361
  -0.9778589579    1.3282742783   -3.1436463738
  -0.6338592548    2.6175396648    2.5479315636
  -1.1468894697    3.5061340630    2.5479315636
  -0.8588488150    4.3716401928    2.0269870306
  -1.9314925986    5.2013833428    1.2288537013
  -2.4684359877    5.4591797161    0.2497982343
  -3.4403574712    4.9752203222    0.2497982343
  -2.4684359877    5.4591797161   -0.7920908317
  -3.4403574712    4.9752203222   -0.7920908317
  -4.1718209658    4.1728430911   -0.7920908317
  -4.5640382734    3.1604135141   -0.7920908317
  -1.9314925986    5.2013833428   -1.7711462987
  -2.9589577904    4.8675396648   -1.7711462987
  -0.0376776422    3.6600913211   -2.5692796281
  -0.8588488150    4.3716401928   -2.5692796281
  -0.6338592548    2.6175396648   -3.0902241611
  -1.8150351853    0.2177606934    2.9002352152
  -0.7889747554    0.2177606934    2.7193130775
  -2.3280654003    1.1063550916    2.7193130775
  -2.8410956153    0.2177606934    2.7193130775
  -2.3280654003   -0.6708337047   -2.9188426472
  -1.8150351853    0.2177606934   -3.0997647848
  -3.5409845434    1.2712868248    2.4221601177
  -4.0767413487    0.3433288175    2.4221601177
  -4.7198705580    1.3332783112    1.8151964140
  -4.9851267254    0.3433288175    1.8151964140
  -4.7198705580   -0.6466206762    1.8151964140
  -5.0980436172    1.8638485570    0.9068110373
  -5.5355612727    0.8811678135    0.9068110373
  -5.5355612727   -0.1945101785    0.9068110373
  -5.0980436172   -1.1771909220    0.9068110373
  -4.6926047199    2.5777770539   -0.1647025733
  -5.3858357181    1.8173388736   -0.1647025733
  -5.7575524172    0.8578274674   -0.1647025733
  -5.7575524172   -0.1711698324   -0.1647025733
  -5.3858357181   -1.1306812386   -0.1647025733
  -5.0980436172    1.8638485570   -1.2362161839
  -5.5355612727    0.8811678135   -1.2362161839
  -5.5355612727   -0.1945101785   -1.2362161839
  -5.0980436172   -1.1771909220   -1.2362161839
  -4.7198705580    1.3332783112   -2.1446015606
  -4.9851267254    0.3433288175   -2.1446015606
  -4.7198705580   -0.6466206762   -2.1446015606
  -3.5409845434    1.2712868248   -2.7515652643
  -4.0767413487    0.3433288175   -2.7515652643
  -3.5409845434   -0.5846291898   -2.7515652643
  -3.0052277381    0.3433288175   -2.9647025733
  -1.2353201119   -1.0200973864    3.0198954312
  -0.7222898970   -0.1315029882    2.8389732935
  -0.7222898970   -1.9086917845   -2.7991824312
  -1.2353201119   -1.0200973864   -2.9801045688
  -1.0789258420   -2.1898512883    2.8849230722
  -1.5919560570   -3.0784456864    2.8849230722
  -2.3794209161   -4.0985861642    2.3639785392
  -3.4040243776   -4.4398512883    1.5658452099
  -4.6168875530   -3.7451547146    0.5867897429
  -3.8854240584   -4.5475319456    0.5867897429
  -2.9135025750   -5.0314913396    0.5867897429
  -5.0091048607   -1.6469774390   -0.4550993231
  -5.0091048607   -2.7327251375   -0.4550993231
  -4.6168875530   -3.7451547146   -0.4550993231
  -3.8854240584   -4.5475319456   -0.4550993231
  -2.9135025750   -5.0314913396   -0.4550993231
  -2.3765591858   -4.7736949663   -1.4341547901
  -1.3039154022   -3.9439518162   -2.2322881195
  -1.0789258420   -2.1898512883   -2.7532326525
   3.4495701175    0.9636816784    3.3680209040
   4.4908910914    0.9636816784    3.1303461870
   3.9702306044    1.8654920952    3.1303461870
   2.9289096305    1.8654920952    3.1303461870
   2.4082491436    0.9636816784    3.1303461870
   2.9289096305    0.0618712615    3.1303461870
   3.9702306044    0.0618712615    3.1303461870
   5.3259656754    0.9636816784    2.4643964285
   5.0280945096    1.9781377067    2.4643964285
   4.2290530026    2.6705111138    2.4643964285
   3.1825311871    2.8209782351    2.4643964285
   2.2207923453    2.3817668226    2.4643964285
   5.5576813911    1.9788945613    1.5020711455
   4.9084283834    2.7930320821    1.5020711455
   3.9702306044    3.2448443199    1.5020711455
   3.9702306044    3.2448443199    0.4339706625
   5.3200002993   -0.4090496260    2.3881072811
   4.7993398124   -1.3108600429    2.3881072811
   6.1550748833   -0.4090496260    1.7221575226
   5.0581622105   -2.1158790615    1.7221575226
   5.8572037175   -1.4235056543    1.7221575226
   6.6185063146   -0.4090496260    0.7598322396
   6.3867905990    0.6061632569    0.7598322396
   5.7375375913   -2.2384000297    0.7598322396
   6.3867905990   -1.4242625090    0.7598322396
   6.6185063146   -0.4090496260   -0.3082682434
   5.7375375913   -2.2384000297   -0.3082682434
   6.3867905990   -1.4242625090   -0.3082682434
   6.1550748833   -0.4090496260   -1.2705935263
   5.0581622105   -2.1158790615   -1.2705935263
   5.8572037175   -1.4235056543   -1.2705935263
   5.6370762105    1.8491707674   -1.3160234719
   4.9878232028    2.6633082881   -1.3160234719
   4.0496254238    3.1151205259   -1.3160234719
   5.4053604948    0.8339578844   -2.2783487549
   5.1074893290    1.8484139127   -2.2783487549
   4.3084478220    2.5407873198   -2.2783487549
   3.2619260065    2.6912544411   -2.2783487549
   4.5702859108    0.8339578844   -2.9442985134
   4.0496254238    1.7357683013   -2.9442985134
   3.0083044499    1.7357683013   -2.9442985134
   2.4876439630    0.8339578844   -2.9442985134
   3.0083044499   -0.0678525325   -2.9442985134
   4.0496254238   -0.0678525325   -2.9442985134
   3.5289649369    0.8339578844   -3.1819732304
   3.9829544349   -2.4667297869    2.4812924628
   3.4622939480   -3.3685402038    2.4812924628
   4.8180290189   -2.4667297869    1.8153427043
   2.6745945306   -4.3240263436    1.8153427043
   3.7211163461   -4.1735592224    1.8153427043
   4.5201578531   -3.4811858152    1.8153427043
   2.4209729741   -4.7478924284    0.8530174214
   3.4622939480   -4.7478924284    0.8530174214
   4.4004917269   -4.2960801906    0.8530174214
   5.0497447346   -3.4819426699    0.8530174214
   3.4622939480   -4.7478924284   -0.2150830616
   4.4004917269   -4.2960801906   -0.2150830616
   5.0497447346   -3.4819426699   -0.2150830616
   4.8180290189   -2.4667297869   -1.1774083446
   3.7211163461   -4.1735592224   -1.1774083446
   4.5201578531   -3.4811858152   -1.1774083446
  -0.1288650122    5.0932833586    1.2020552617
  -1.1753868276    5.2437504798    1.2020552617
   0.5505103686    5.2158043269    0.2397299788
  -0.3876874103    5.6676165646    0.2397299788
  -1.4290083842    5.6676165646    0.2397299788
   0.5505103686    5.2158043269   -0.8283705042
  -0.3876874103    5.6676165646   -0.8283705042
  -1.4290083842    5.6676165646   -0.8283705042
  -0.1288650122    5.0932833586   -1.7906957872
  -1.1753868276    5.2437504798   -1.7906957872
  -0.3876874103    4.2882643400   -2.4566455457
  -3.7027433183    4.4656126680   -1.7141652516
  -4.3519963259    3.6514751472   -1.7141652516
  -4.5837120416    2.6362622642   -1.7141652516
  -2.5109239827    4.4935588209   -2.6764905346
  -3.4726628246    4.0543474085   -2.6764905346
  -4.0442734059    3.1649039824   -2.6764905346
  -4.0442734059    2.1076205461   -2.6764905346
  -1.2025640785    2.6362622642   -3.3424402931
  -1.7232245654    3.5380726811   -3.3424402931
  -2.7645455393    3.5380726811   -3.3424402931
  -3.2852060262    2.6362622642   -3.3424402931
  -2.7645455393    1.7344518474   -3.3424402931
  -1.7232245654    1.7344518474   -3.3424402931
  -2.2438850524    2.6362622642   -3.5801150101
  -2.3236873322    2.7671246357    2.9683040840
  -1.2823663583    2.7671246357    2.7306293670
  -1.8030268452    3.6689350526    2.7306293670
  -2.8443478191    3.6689350526    2.7306293670
  -3.3650083061    2.7671246357    2.7306293670
  -2.8443478191    1.8653142188    2.7306293670
  -1.8030268452    1.8653142188    2.7306293670
  -2.5907262626    4.6244211924    2.0646796085
  -3.5524651044    4.1852097799    2.0646796085
  -4.1240756857    3.2957663539    2.0646796085
  -4.1240756857    2.2384829175    2.0646796085
  -2.8443478191    5.0482872772    1.1023543255
  -3.7825455981    4.5964750394    1.1023543255
  -4.4317986058    3.7823375187    1.1023543255
  -4.6635143214    2.7671246357    1.1023543255
  -4.4317986058    3.7823375187    0.0342538425
  -4.6635143214    2.7671246357    0.0342538425
  -0.9604946145   -3.9639984685    2.3344999037
  -1.7481940318   -4.9194846083    1.6685501452
  -0.7016722164   -4.7690174870    1.6685501452
  -2.0018155884   -5.3433506931    0.7062248622
  -0.9604946145   -5.3433506931    0.7062248622
  -2.0018155884   -5.3433506931   -0.3618756208
  -0.9604946145   -5.3433506931   -0.3618756208
  -1.7481940318   -4.9194846083   -1.3242009038
  -0.7016722164   -4.7690174870   -1.3242009038
  -5.0243258986   -2.2577707352   -1.3783552730
  -4.7926101829   -3.2729836182   -1.3783552730
  -4.1433571752   -4.0871211389   -1.3783552730
  -4.4848872629   -1.7291290170   -2.3406805559
  -4.4848872629   -2.7864124534   -2.3406805559
  -3.9132766816   -3.6758558794   -2.3406805559
  -2.9515378397   -4.1150672919   -2.3406805559
  -1.6431779355   -2.2577707352   -3.0066303144
  -2.1638384224   -1.3559603183   -3.0066303144
  -3.2051593963   -1.3559603183   -3.0066303144
  -3.7258198832   -2.2577707352   -3.0066303144
  -3.2051593963   -3.1595811521   -3.0066303144
  -2.1638384224   -3.1595811521   -3.0066303144
  -2.6844989093   -2.2577707352   -3.2443050315
  -2.7830097326   -2.1142458743    3.3042446353
  -1.7416887587   -2.1142458743    3.0665699182
  -2.2623492456   -1.2124354574    3.0665699182
  -3.3036702195   -1.2124354574    3.0665699182
  -3.8243307064   -2.1142458743    3.0665699182
  -3.3036702195   -3.0160562912    3.0665699182
  -2.2623492456   -3.0160562912    3.0665699182
  -4.0117875048   -0.6961607301    2.4006201597
  -4.5833980861   -1.5856041561    2.4006201597
  -4.5833980861   -2.6428875925    2.4006201597
  -4.0117875048   -3.5323310185    2.4006201597
  -3.0500486629   -3.9715424310    2.4006201597
  -4.8911210061   -1.0990329913    1.4382948768
  -5.1228367218   -2.1142458743    1.4382948768
  -4.8911210061   -3.1294587573    1.4382948768
  -4.2418679985   -3.9435962780    1.4382948768
  -5.1228367218   -2.1142458743    0.3701943938
