  O         3.8585873763       -4.7533175213        5.5091974759
  O        -3.5460761891        1.7456237131        4.2880212708
  O         4.5691359319        2.9343274990       -7.0999718127
  O        -2.5731801314       -0.1063102257       -3.4147140374
  O        -3.7625034284       -7.7105940327        5.6279977389
  O        -6.7131259426       -0.0759204976        2.3176844292
  O         4.0109535867       -5.5817692668       -0.4126912859
  O        -2.6692626967       -3.0810510613       -1.2259349448
  O         5.4576244064       -3.1688044689        3.1002596795
  O         2.0078792352        3.8025888294       -6.6441198936
  O         4.0608830110       -3.8929207302       -3.0596772434
  O         1.9773593054       -1.8442291306        1.0225667179
  O         0.7338447631       -5.7432877136       -5.0100685957
  O        -7.5166459589       -8.6781062088       -3.2371569882
  O         3.0089956358       -1.6206934676        5.1704516391
  O        -0.0943492744        1.8634710749       -6.6861347029
  O         1.3803001006       -3.0815472275        3.6598466091
  O        -2.3279129364        2.8060791527        2.2347417439
  O         0.8745131234       -0.6611187482       -5.6004046460
  O        -1.1866462102       -0.7164030048        0.2437849238
  O        -3.8861935106       -9.0129285534       -3.1318571683
  O         4.9784414381        4.5574106629        2.1605978288
  O         4.2074812608        1.0294752439       -3.2134938111
  O        -5.2106345443       -6.3463699492       -2.6806456410
  O         4.8272006144       -2.1493089974        0.6957555837
  O         2.1084974235        0.9406557281        1.6964699575
  O        -5.7579045611       -5.0935991816       -0.3613728277
  O        -4.8501183696        4.6347512586        2.6323657871
  O         5.5123889390        0.8523825517       -5.5927914459
  O         0.7365184732       -1.9176950430       -1.2724577473
  O         3.9005939808        2.6221972296        0.0824981180
  O        -1.0991624885       -1.3693412589        2.9498880034
  O         2.0718451094       -5.6501678174        1.3629079156
  O        -0.6280310316       -3.8273493362       -2.8460859716
  O        -5.2918433010        2.0621670074        1.4353011132
  O         1.9599719653       -3.4245632717       -5.2673604360
  O        -1.1933205846        3.9368513830       -3.3737465077
  O        -5.4243979802       -5.0029807582        4.2784625506
  O         2.9732984993        5.7937546317        3.6041830736
  O        -4.0511295134        1.5445925671       -5.0626498585
  O         3.4847726839        0.5997692637        4.0091486817
  O        -4.6207476869       -1.0117618538        4.0048952776
  O        -0.2165387154        1.2751467697        3.1167167744
  O        -1.9915351632        5.0697083632        0.6000194332
  O        -1.3075474036       -1.8956122645       -4.9542920356
  O        -5.1373452268        1.8062068789       -1.2867681226
  O        -7.3836561358       -1.2119873462       -1.9506599575
  O        -0.4639445925        1.4048471789       -1.7228637494
  O        -0.0298107043       -6.5210921839       -1.0933643185
  O         5.7090935537       -1.6927086580        6.0185486672
  O        -2.5962982991       -5.7683972037       -4.2195771395
  O        -4.9449687319       -1.4086720170       -3.2473392351
  O         2.2983754229       -8.0809494482       -1.2132412662
  O         6.7754357543       -3.8965331032       -5.3359261145
  O        -0.3424844631        4.9658112476        2.9508285728
  O        -2.8056288807       -4.0048234272        6.2239057927
  O        -2.7925113864       -3.4732237158        3.4612331596
  O         2.4867711476        4.6803618907       -3.9511208166
  O         1.6590765104        0.0523137912       -3.1069189687
  O        -1.2023048654       -8.1603479212       -6.3670700282
  O        -0.4761071273        8.3851620636        0.5987466087
  O         5.9065449362       -6.7989771803       -6.6004398209
  O        -0.3594330297       -5.2622440761        4.6704297767
  O        -3.8273131578       -5.5279235466        1.7633664403
